Key,Value
1,"[1, 2, np.float64(0.005660782157592022), 60, 150, 0]"
2,"[1, 5, 1, 60, 150, 0]"
3,"[1, 4, np.float64(0.005315830108449075), 60, 150, 0]"
4,"[1, 10, np.float64(0.05005475101008448), 0, 0, 1]"
5,"[2, 3, np.float64(0.005151599915407696), 60, 150, 0]"
6,"[2, 6, np.float64(0.004586578264509486), 60, 150, 0]"
7,"[2, 5, 1, 60, 150, 0]"
8,"[2, 4, np.float64(0.005650378989869637), 60, 150, 0]"
9,"[2, 1, np.float64(0.005660782157592022), 60, 150, 0]"
10,"[2, 11, np.float64(0.04031083435787476), 0, 0, 1]"
11,"[3, 6, np.float64(0.006202083729453991), 60, 150, 0]"
12,"[3, 5, 1, 60, 150, 0]"
13,"[3, 2, np.float64(0.005151599915407696), 60, 150, 0]"
14,"[3, 12, np.float64(0.051237504580103885), 0, 0, 1]"
15,"[4, 5, 1, 60, 150, 0]"
16,"[4, 8, np.float64(0.005359635424493479), 60, 150, 0]"
17,"[4, 7, np.float64(0.005235657271046603), 60, 150, 0]"
18,"[4, 1, np.float64(0.005315830108449075), 60, 150, 0]"
19,"[4, 2, np.float64(0.005650378989869637), 60, 150, 0]"
20,"[4, 13, np.float64(0.04497876436227652), 0, 0, 1]"
21,"[5, 6, 1, 60, 150, 0]"
22,"[5, 9, 1, 60, 150, 0]"
23,"[5, 8, 1, 60, 150, 0]"
24,"[5, 7, 1, 60, 150, 0]"
25,"[5, 4, 1, 60, 150, 0]"
26,"[5, 1, 1, 60, 150, 0]"
27,"[5, 2, 1, 60, 150, 0]"
28,"[5, 3, 1, 60, 150, 0]"
29,"[5, 14, 1, 0, 0, 1]"
30,"[6, 9, np.float64(0.005532302630034562), 60, 150, 0]"
31,"[6, 8, np.float64(0.005424818062628057), 60, 150, 0]"
32,"[6, 5, 1, 60, 150, 0]"
33,"[6, 2, np.float64(0.004586578264509486), 60, 150, 0]"
34,"[6, 3, np.float64(0.006202083729453991), 60, 150, 0]"
35,"[6, 15, np.float64(0.0547815470375617), 0, 0, 1]"
36,"[7, 8, np.float64(0.0063562145112663945), 60, 150, 0]"
37,"[7, 4, np.float64(0.005235657271046603), 60, 150, 0]"
38,"[7, 5, 1, 60, 150, 0]"
39,"[7, 16, np.float64(0.04693349941436862), 0, 0, 1]"
40,"[8, 9, np.float64(0.005309973560289078), 60, 150, 0]"
41,"[8, 7, np.float64(0.0063562145112663945), 60, 150, 0]"
42,"[8, 4, np.float64(0.005359635424493479), 60, 150, 0]"
43,"[8, 5, 1, 60, 150, 0]"
44,"[8, 6, np.float64(0.005424818062628057), 60, 150, 0]"
45,"[8, 17, np.float64(0.054797253208404416), 0, 0, 1]"
46,"[9, 8, np.float64(0.005309973560289078), 60, 150, 0]"
47,"[9, 5, 1, 60, 150, 0]"
48,"[9, 6, np.float64(0.005532302630034562), 60, 150, 0]"
49,"[9, 18, np.float64(0.0378853250555072), 0, 0, 1]"
50,"[10, 11, np.float64(0.05167402543798056), 60, 100, 1]"
51,"[10, 14, 1, 60, 100, 1]"
52,"[10, 13, np.float64(0.04595360622955438), 60, 100, 1]"
53,"[10, 1, np.float64(0.005474795855474296), 0, 0, 0]"
54,"[11, 12, np.float64(0.04327254026519652), 60, 100, 1]"
55,"[11, 15, np.float64(0.03393922271173559), 60, 100, 1]"
56,"[11, 14, 1, 60, 100, 1]"
57,"[11, 13, np.float64(0.05007240662651832), 60, 100, 1]"
58,"[11, 10, np.float64(0.05167402543798056), 60, 100, 1]"
59,"[11, 2, np.float64(0.005054507818664272), 0, 0, 0]"
60,"[12, 15, np.float64(0.0623474255126912), 60, 100, 1]"
61,"[12, 14, 1, 60, 100, 1]"
62,"[12, 11, np.float64(0.04327254026519652), 60, 100, 1]"
63,"[12, 3, np.float64(0.005537924627276284), 0, 0, 0]"
64,"[13, 14, 1, 60, 100, 1]"
65,"[13, 17, np.float64(0.04563010041224429), 60, 100, 1]"
66,"[13, 16, np.float64(0.044614510596912224), 60, 100, 1]"
67,"[13, 10, np.float64(0.04595360622955438), 60, 100, 1]"
68,"[13, 11, np.float64(0.05007240662651832), 60, 100, 1]"
69,"[13, 4, np.float64(0.0053490242217304725), 0, 0, 0]"
70,"[14, 15, 1, 60, 100, 1]"
71,"[14, 18, 1, 60, 100, 1]"
72,"[14, 17, 1, 60, 100, 1]"
73,"[14, 16, 1, 60, 100, 1]"
74,"[14, 13, 1, 60, 100, 1]"
75,"[14, 10, 1, 60, 100, 1]"
76,"[14, 11, 1, 60, 100, 1]"
77,"[14, 12, 1, 60, 100, 1]"
78,"[14, 5, 1, 0, 0, 0]"
79,"[15, 18, np.float64(0.0511868222222656), 60, 100, 1]"
80,"[15, 17, np.float64(0.04815942161980585), 60, 100, 1]"
81,"[15, 14, 1, 60, 100, 1]"
82,"[15, 11, np.float64(0.03393922271173559), 60, 100, 1]"
83,"[15, 12, np.float64(0.0623474255126912), 60, 100, 1]"
84,"[15, 6, np.float64(0.005848849033736377), 0, 0, 0]"
85,"[16, 17, np.float64(0.06522656118038986), 60, 100, 1]"
86,"[16, 13, np.float64(0.044614510596912224), 60, 100, 1]"
87,"[16, 14, 1, 60, 100, 1]"
88,"[16, 7, np.float64(0.0052806892525178025), 0, 0, 0]"
89,"[17, 18, np.float64(0.04718164372952509), 60, 100, 1]"
90,"[17, 16, np.float64(0.06522656118038986), 60, 100, 1]"
91,"[17, 13, np.float64(0.04563010041224429), 60, 100, 1]"
92,"[17, 14, 1, 60, 100, 1]"
93,"[17, 15, np.float64(0.04815942161980585), 60, 100, 1]"
94,"[17, 8, np.float64(0.0058658386597166936), 0, 0, 0]"
95,"[18, 17, np.float64(0.04718164372952509), 60, 100, 1]"
96,"[18, 14, 1, 60, 100, 1]"
97,"[18, 15, np.float64(0.0511868222222656), 60, 100, 1]"
98,"[18, 9, np.float64(0.004678631531808112), 0, 0, 0]"
